Team Name      Season type  probmakeplayoffs  probmakeconfsemi    probmakeconfchamp   probmaketitlegame   probwintitle      
----------------------------------------------------------------------------------------------------------------------
Thunder        3            100.0             94.3                83.0                57.599999999999994  40.9              
Spurs          3            100.0             94.39999999999999   68.8                29.799999999999997  18.3              
Pistons        3            100.0             89.0                72.8                43.3                17.299999999999997
Celtics        3            100.0             87.6                52.800000000000004  27.700000000000003  10.6              
Knicks         3            100.0             80.80000000000001   40.400000000000006  20.9                7.3               
Nuggets        3            100.0             80.60000000000001   27.700000000000003  8.1                 3.2               
Hornets        3            0.0               0.0                 0.0                 0.0                 0.0               
Rockets        3            100.0             66.8                11.5                3.2                 1.0999999999999999
Cavaliers      3            100.0             59.8                15.299999999999999  4.3                 0.6               
Raptors        3            100.0             40.2                8.1                 1.7999999999999998  0.2               
Hawks          3            100.0             19.2                4.7                 1.0999999999999999  0.1               
Lakers         3            100.0             33.2                3.6999999999999997  0.8                 0.2               
Timberwolves   3            100.0             19.400000000000002  2.6                 0.2                 0.1               
Magic          3            100.0             11.0                3.8                 0.7000000000000001  0.1               
Clippers       3            0.0               0.0                 0.0                 0.0                 0.0               
Heat           3            0.0               0.0                 0.0                 0.0                 0.0               
Suns           3            100.0             5.7                 1.7000000000000002  0.2                 0.0               
76ers          3            100.0             12.4                2.1                 0.3                 0.0               
Trail Blazers  3            100.0             5.6000000000000005  1.0                 0.1                 0.0               
Warriors       3            0.0               0.0                 0.0                 0.0                 0.0               
Pelicans       3            0.0               0.0                 0.0                 0.0                 0.0               
Mavericks      3            0.0               0.0                 0.0                 0.0                 0.0               
Bulls          3            0.0               0.0                 0.0                 0.0                 0.0               
Jazz           3            0.0               0.0                 0.0                 0.0                 0.0               
Pacers         3            0.0               0.0                 0.0                 0.0                 0.0               
Bucks          3            0.0               0.0                 0.0                 0.0                 0.0               
Wizards        3            0.0               0.0                 0.0                 0.0                 0.0               
Nets           3            0.0               0.0                 0.0                 0.0                 0.0               
Kings          3            0.0               0.0                 0.0                 0.0                 0.0               
Grizzlies      3            0.0               0.0                 0.0                 0.0                 0.0